IID X.A X.B X.C X.D
AN02 0.0156120980609219 0.0289552985383625 0.944268300706921 0.0111643026937943
AN03 0.0108877097843974 0.0212153072588695 0.95929921689689 0.00859776605984321
AN04 0.0103067720153877 0.0160544234832399 0.967176258453628 0.00646254604774428
CS01 0.0512553459678653 0.0818754139196423 0.826327719294249 0.040541520818244
CS02 0.0615844150958618 0.0815844098676682 0.814456080520567 0.0423750945159027
CS03 0.171597085199244 0.263572208885402 0.434746118403251 0.130084587512103
CS04 0.20586313485124 0.360470850180568 0.258659514104424 0.175006500863768
CS05 0.0111745966307807 0.0138874532520446 0.967575113949992 0.00736283616718314
CS07 0.0147744566054642 0.013082686843124 0.966870423341738 0.00527243320967338
CS08 0.0887293655401192 0.0696363157521097 0.805264482848787 0.0363698358589845
CS09 0.0853256731555636 0.103379105523919 0.759341605194053 0.0519536161264641
CS10 0.0847533545934943 0.0956040608557245 0.772482293248775 0.047160291302006
CS11 0.0157069372213429 0.0158266120089817 0.962101920533575 0.00636453023610042
CS12 0.0162947799941552 0.0153956332379747 0.962324417537364 0.00598516923050607
CS13 0.0828568959125212 0.098098697859783 0.768039534316389 0.051004871911307
CS14 0.105652728812576 0.104797255151924 0.734479901446977 0.0550701145885232
CS15 0.096034686885687 0.116839379037629 0.718391872085011 0.0687340619916734
CS16 0.106959687492687 0.143115005330976 0.677275138498488 0.0726501686778494
CS17 0.0638270011294558 0.0661748517341859 0.833935832470131 0.0360623146662274
CS18 0.0938193393139076 0.130745071132267 0.707290056284312 0.0681455332695136
DK01 0.202526042697683 0.395232500075245 0.220644314471717 0.181597142755354
DK02 0.0234700949342765 0.0359191304566164 0.0244907358778917 0.916120038731215
DK03 0.196646068065186 0.394542296268591 0.206254975782218 0.202556659884004
DK04 0.00944428203055988 0.00510895069580364 0.00359875689394373 0.981848010379693
DK05 0.00808421886766001 0.0155050389218613 0.972508509854526 0.0039022323559525
DK06 0.00875890008083951 0.00417039662104919 0.0030829758195882 0.983987727478523
DK07 0.119327667330837 0.240045064608953 0.521617627818506 0.119009640241704
DK08 0.0523237262141151 0.0819085352808892 0.833018290665525 0.0327494478394709
DK09 0.0578770934289705 0.0794048314772437 0.830954817639413 0.031763257454373
DK10 0.200436926926931 0.409682550542233 0.203274733012683 0.186605789518153
DK11 0.0963746781205631 0.191178328536991 0.617218094321707 0.0952288990207387
DK12 0.0125465066116598 0.0191223009384977 0.00932060004077261 0.95901059240907
DK13 0.019128741633241 0.0344934087659658 0.0222498547775299 0.924127994823263
DK14 0.192115014099819 0.412877825193909 0.211609292671428 0.183397868034843
DK15 0.0145026764513054 0.0194601952756325 0.0199120698502902 0.946125058422772
DK16 0.0575509257604602 0.0593965574399689 0.85213983295639 0.0309126838431808
DK17 0.169399360376493 0.264557830024786 0.428337416820317 0.137705392778404
DK18 0.00249917034372151 0.0032487466355533 0.00206496506075247 0.992187117959973
DK19 0.202440381803324 0.376167066434987 0.235335191593598 0.186057360168091
DK20 0.166611814939813 0.279614652394888 0.41565164215585 0.13812189050945
DK21 0.128457591257194 0.226828201929119 0.338056732372053 0.306657474441633
DK22 0.191377817233997 0.384099091525354 0.234567014710627 0.189956076530023
DK23 0.0550711613531699 0.0576232925038757 0.0285004112197848 0.85880513492317
DK24 0.0452375900889626 0.0379111868036955 0.021043282902762 0.89580794020458
DK25 0.0549303341310973 0.0739824053123263 0.82021432455191 0.0508729360046664
DK26 0.163847315037634 0.326126732408799 0.17771973896212 0.332306213591447
DK27 0.0437637885632839 0.0312764612494055 0.016910933664058 0.908048816523253
DK28 0.210321534658618 0.401600446402258 0.202216488650377 0.185861530288748
DK29 0.046943146498001 0.037693651443761 0.0223437703244117 0.893019431733826
DK30 0.0208727791630566 0.0377624861727971 0.0192567768430357 0.922107957821111
DK31 0.0503382360737646 0.0545789182751163 0.871851833724345 0.0232310119267746
DK32 0.0480557308340868 0.0397497988923477 0.0213928821543175 0.890801588119248
DK33 0.203313365014165 0.378218792823929 0.230399532333083 0.188068309828823
DK34 0.0343643169201829 0.0510729386903789 0.0308683948500869 0.883694349539351
DK35 0.0549016594929538 0.0380102321042283 0.0232996766865791 0.883788431716239
DK36 0.0191892641753984 0.0295412214562861 0.0180674462585311 0.933202068109784
DK37 0.0570372856075403 0.0279159176424889 0.0144866417605142 0.900560154989457
DK38 0.0508269564403902 0.0534289825233143 0.0420429587875785 0.853701102248717
DK39 0.057271006985963 0.111917973453852 0.765440193001922 0.0653708265582632
FR01 0.106325282907147 0.0532056686368141 0.805862050414106 0.0346069980419328
FR02 0.0912197825587052 0.059545931955666 0.812978703397435 0.0362555820881937
FR03 0.0982684329912487 0.0902840389188602 0.757515606484734 0.0539319216051568
FR04 0.0823591111528694 0.0626643599581655 0.818928320513909 0.0360482083750559
FR05 0.0929405069061485 0.053632059689785 0.820121593288876 0.0333058401151905
FR06 0.0925373246796423 0.0560714193259068 0.818115451459745 0.0332758045347065
FR07 0.107219923678894 0.0524868718672895 0.808946662144263 0.031346542309553
FR08 0.0900820713316685 0.101101637798965 0.757027887326061 0.0517884035433051
FR10 0.130041762480588 0.0608965063592675 0.773351830921509 0.0357099002386353
FR12 0.10377316096677 0.0934899502742473 0.75127461967175 0.0514622690872335
FR13 0.0176697093703716 0.0123668638236779 0.964387934252296 0.00557549255365408
FR15 0.104843851332193 0.0713400918274481 0.782097401734323 0.0417186551060364
FR16 0.0880335386561865 0.0627517717277499 0.812298868060423 0.0369158215556405
FR17 0.0784954694741238 0.084075868715472 0.792971176593381 0.044457485217023
FR19 0.0178122565620807 0.0144401388526405 0.961557265965406 0.00619033861987251
FR20 0.0216445744060749 0.0111490199675534 0.961779377033295 0.00542702859307641
FR21 0.0184756877425212 0.0123375801126729 0.96403216393964 0.00515456820516616
FY01 0.0546889766962414 0.0642056215792807 0.847046899880967 0.0340585018435109
FY02 0.125376676757626 0.235265664735253 0.529983274955796 0.109374383551326
FY03 0.174024572320202 0.343341949605722 0.332712386609261 0.149921091464815
FY04 0.0673287852265261 0.0792909488751634 0.811782795295035 0.0415974706032754
FY05 0.0988181131754739 0.136227209651229 0.69517268511932 0.0697819920539775
FY06 0.0687682461936922 0.0758559549347159 0.815924555636748 0.0394512432348438
FY07 0.0393440692783955 0.0224977843454764 0.0453420815945819 0.892816064781546
FY09 0.0632663366166987 0.077399387368744 0.817560984709654 0.0417732913049036
FY10 0.0370135658688501 0.0276471805444229 0.146647162715785 0.788692090870942
FY11 0.0138891015796113 0.0146646182823127 0.962364280355674 0.00908199978240136
FY12 0.0890292556567978 0.10388470749345 0.753614564714826 0.0534714721349254
FY13 0.024116008656465 0.0365243766524005 0.921117351664989 0.0182422630261457
FY14 0.0581354456792117 0.0708504188700598 0.83391036041174 0.0371037750389879
FY15 0.0142832470723241 0.0171029330300505 0.962050439141159 0.00656338075646689
FY16 0.0632085795772885 0.0645560228357664 0.836642387729598 0.0355930098573477
FY17 0.0561699120673011 0.0655457213202065 0.842970459180325 0.0353139074321676
FY18 0.118587534262852 0.185655543427787 0.602010874160672 0.093746048148689
HH01 0.106256988030652 0.060937369642966 0.795810834410967 0.036994807915415
HH02 0.0668132304156294 0.0874790221487997 0.799645618947357 0.0460621284882141
HH03 0.0774669794311335 0.0910263779448298 0.782732276494575 0.0487743661294616
HH04 0.0809396956177254 0.0627421448681941 0.821627119663063 0.0346910398510176
HH05 0.0783549373812342 0.0667070735644022 0.820382543726714 0.0345554453276493
HH07 0.0496303996468164 0.0671063204550109 0.848993864939911 0.0342694149582612
HH08 0.0788398612403373 0.0879924058728642 0.787076433104616 0.0460912997821827
HH09 0.0714807910332027 0.0758923998648571 0.813705859425861 0.0389209496760795
HH10 0.0145481859211104 0.0141529317863109 0.96543667844945 0.00586220384312912
HH11 0.0696233181739349 0.0725070131649429 0.821273868717662 0.0365957999434604
HH12 0.0123407409857964 0.0200971401509149 0.959343756561294 0.00821836230199437
HH13 0.107373269503928 0.149200951310138 0.66518129171566 0.0782444874702742
HH16 0.0126411697516152 0.0130222457533203 0.969175852116556 0.00516073237850807
HH17 0.017220015472196 0.0303536940166543 0.940021535046823 0.0124047554643262
HH18 0.0867248086388214 0.106836906553008 0.750027136176983 0.0564111486311876
JB02 0.0896145589336565 0.079794719197935 0.787567397216713 0.0430233246516954
JB03 0.0133442469578711 0.013056110766042 0.968390922704724 0.00520871957136308
JB04 0.0191625801345876 0.0169549682281345 0.956731086464813 0.00715136517246484
JB05 0.0121137073533539 0.0150749912350895 0.967122542283098 0.00568875912845825
JB07 0.125745665576854 0.105546275872822 0.7109305826651 0.0577774758852244
JB10 0.181671187968243 0.134690064880922 0.608596210498539 0.0750425366522961
JB13 0.076834105590218 0.0893870109318914 0.787101435066571 0.0466774484113192
JB15 0.164075676876463 0.0757641786251033 0.714689192220174 0.0454709522782602
JB16 0.10078414936268 0.0736166578155873 0.78319917059707 0.0424000222246626
JB17 0.0982169683204587 0.0744276451091989 0.784347633466739 0.0430077531036032
NB01 0.00781764584199167 0.00252738030467366 0.00141998532438298 0.988234988528952
NB02 0.00743988023880188 0.00291529457130544 0.00158793393665387 0.988056891253239
NB03 0.0374292845304411 0.0275253303066481 0.0155754818011552 0.919469903361756
NB04 0.00687408541864102 0.00210803235085861 0.00262292851537285 0.988394953715128
NB05 0.158898915855593 0.285960033731799 0.165888547321508 0.389252503091101
NB06 0.0444267714462764 0.0420491862981735 0.022900519260458 0.890623522995092
NB07 0.0619097113841765 0.0662100054281192 0.0475758535182162 0.824304429669488
NB10 0.0849416729480464 0.0976325571366854 0.395284739169613 0.422141030745655
NB11 0.199765343176414 0.359423978553019 0.226066255688638 0.214744422581929
NB12 0.0484020085327702 0.0433304405762259 0.0221829132493459 0.886084637641658
NB13 0.0363162762652633 0.0186608888502833 0.0104736644433605 0.934549170441093
NB14 0.0361267960706493 0.0245006513187421 0.0132192076820256 0.926153344928583
NB15 0.201341908235431 0.375530207154938 0.19765762253535 0.225470262074282
NB16 0.0071001613082898 0.00231030959472148 0.00134696918426821 0.98924255991272
NB17 0.0381346143785547 0.0226486320538691 0.0133831608684204 0.925833592699156
PA01 0.00326721313471135 0.0048021205555985 0.00219690699993814 0.989733759309752
PA02 0.0513231914799756 0.0557113331175645 0.860262345942343 0.0327031294601171
PA03 0.0226238008506643 0.0332295462610648 0.199929805447269 0.744216847441002
PA04 0.0104057188754711 0.0134313014834185 0.00795162789143068 0.96821135174968
PA05 0.0793297184776168 0.127625516208068 0.721852434575128 0.0711923307391865
PA07 0.0121850250324198 0.0229445050854491 0.954197398541235 0.0106730713408959
PA08 0.0602191504723485 0.0980416010518613 0.787225869990272 0.0545133784855183
PA09 0.0130052820159822 0.0166865094875661 0.0171850963456891 0.953123112150763
PA10 0.0244987412161174 0.0391677297547626 0.157640746673178 0.778692782355942
PA11 0.0218882522737669 0.0350494182680079 0.0907965530234162 0.852265776434809
PA12 0.0669757710980581 0.0994523158246161 0.760805728227488 0.072766184849838
PA13 0.0380890353487693 0.0514487368609479 0.51083042942045 0.399631798369833
PA14 0.051699106105632 0.0678253013440518 0.846332138214277 0.0341434543360388
PA15 0.0922678595131205 0.155293056255055 0.67738530301352 0.0750537812183053
PA17 0.079276267184441 0.140307449564154 0.430799973316244 0.349616309935161
PA18 0.08368460364518 0.165077625892917 0.178419646204221 0.572818124257682
PA19 0.0949964980396513 0.145511949850714 0.648931548602931 0.110560003506704
PA20 0.19707691164031 0.373220653036571 0.233674817974378 0.196027617348742
PA21 0.0139425328184741 0.018601402677442 0.959769786771885 0.00768627773219877
PA22 0.108428456457968 0.212156977687735 0.355920116898247 0.32349444895605
PA23 0.0537207706367895 0.0803398100860604 0.826170534152539 0.0397688851246114
PA24 0.1048705124036 0.165914402508378 0.617519940346821 0.111695144741201
PA25 0.0748997200468865 0.0894961050067532 0.70187277241871 0.133731402527651
PA26 0.180132621580174 0.283356976322064 0.277740809001531 0.258769593096231
PA27 0.0586237900448667 0.0763285596802842 0.6283138485256 0.236733801749249
RB01 0.0965858989767286 0.0857071274181719 0.773809209562118 0.0438977640429815
RB02 0.0649732838722689 0.0917673581717255 0.798004721795806 0.0452546361601997
RB03 0.122794198239822 0.0685250593716551 0.771602076348086 0.0370786660404376
RB04 0.0925513833084483 0.0524940859524985 0.827096805642638 0.0278577250964154
RB05 0.0190210700123293 0.0175291110119154 0.956663734838808 0.00678608413694773
RB06 0.099878941706831 0.0905546727963447 0.761893599897716 0.0476727855991083
RB07 0.0958977492158515 0.0754858914876159 0.786606589321305 0.0420097699752278
RB08 0.0840238859058237 0.0746350182967518 0.801318542631419 0.0400225531660052
RB09 0.0716127439261321 0.0857643180453364 0.798229513054218 0.0443934249743131
RB10 0.0603147192039376 0.0831045107795766 0.816602547732879 0.0399782222836064
RB11 0.022258749416649 0.0168415723865841 0.954478054508259 0.00642162368850734
RB12 0.075028582743232 0.112229207056849 0.756072821075718 0.0566693891242011
RB13 0.0210579377138373 0.0292859351920708 0.935223620944827 0.0144325061492644
RB14 0.106568919391932 0.0924012064845236 0.754240985287182 0.0467888888363632
RB15 0.0708565106496625 0.0865603682365263 0.799961721732784 0.0426213993810276
RB16 0.0675275671143834 0.0766923408403791 0.818694613225051 0.0370854788201865
RB17 0.0578932180047799 0.0955590253770211 0.799579089956131 0.0469686666620675
RB19 0.0729478063267656 0.0953787805507016 0.784448325798949 0.0472250873235839
RB20 0.0158983243185808 0.0147138234546461 0.963689802104215 0.00569805012255781
RL01 0.0944467357564691 0.152496562845456 0.672387966620816 0.0806687347772591
RL02 0.0635951233855692 0.0768892051531043 0.820211142809479 0.0393045286518475
RL03 0.0561659909849464 0.0763616769266622 0.829602363620287 0.0378699684681046
RL04 0.0952570986400891 0.0647236852744194 0.804441064621018 0.0355781514644737
RL06 0.123079045264218 0.0630179887694692 0.776417224043603 0.0374857419227101
RL07 0.0620972299878811 0.0558698282394738 0.85242124149312 0.029611700279525
RL08 0.0138533243648645 0.0161706683486142 0.963342547481246 0.00663345980527488
RL09 0.0814221048123909 0.0598648307617942 0.823667186527175 0.0350458778986398
RL10 0.139955379327981 0.0828531843108294 0.730785777535303 0.0464056588258865
RL11 0.0113909309679621 0.0110713616920803 0.972708861140621 0.00482884619933654
RL12 0.0910717683108879 0.0693210009886903 0.800515091111425 0.0390921395889971
RL13 0.122266332475605 0.120705819779572 0.683164956578964 0.0738628911658593
RL15 0.0778326165522169 0.0861653726878914 0.790234534230411 0.0457674765294804
RL17 0.0845724780696379 0.062618491017911 0.818316062756769 0.0344929681556821
RL18 0.0115986451028162 0.0118074789846051 0.9719787250853 0.00461515082727833
RL20 0.0539981807954804 0.052041466231953 0.866242131361451 0.0277182216111154
RL21 0.0580395881803283 0.059395046292043 0.851897887413979 0.0306674781136501
RL22 0.0642668349400954 0.113372183137037 0.76824960796388 0.0541113739589879
RL23 0.0641323031193739 0.0745362827623705 0.818284719134721 0.0430466949835349
TR01 0.0690987153065575 0.064540943779667 0.832493869900686 0.0338664710130896
TR02 0.0155793525214756 0.0185032085491453 0.958558306455914 0.00735913247346532
TR03 0.0687618052192926 0.0560280735398288 0.844180375392276 0.0310297458486027
TR04 0.072907494705533 0.072485511657879 0.81550549962963 0.0391014940069584
TR05 0.18656211958803 0.297474713575717 0.365194919074522 0.15076824776173
TR06 0.0619683999329898 0.0697750846324124 0.830397067540242 0.0378594478943562
TR07 0.0731522099032599 0.0854768177544688 0.794454635227789 0.0469163371144817
TR08 0.0692275588680853 0.0674635749383065 0.825507366698673 0.0378014994949348
TR09 0.0173221796286206 0.0205417336918094 0.953642688343866 0.00849339833570351
TR10 0.0127604271656942 0.0170361440826028 0.963046450440106 0.00715697831159662
TR11 0.0123628697197853 0.0148352626214275 0.96712052473972 0.00568134291906759
TR12 0.0799607862000839 0.0694878220478787 0.810454693524941 0.0400966982270968
TR13 0.0760603014107168 0.0860829027218802 0.785801683977938 0.0520551118894646
TR14 0.08219271573307 0.0661661447212219 0.813731374804834 0.0379097647408746
TR15 0.0624983553542678 0.0863104855438126 0.806281987599281 0.0449091715026383
TR16 0.0741013809618446 0.0893261475453555 0.790073194124362 0.0464992773684384
TR17 0.0651510663265473 0.0756721355596845 0.818782063515473 0.0403947345982955
